m1 =
   0   -1   -2   -3   -4 
   3    2    1    0   -1 
   6    5    4    3    2 
   9    8    7    6    5 
  12   11   10    9    8 
delete row 0 =
   3    2    1    0   -1 
   6    5    4    3    2 
   9    8    7    6    5 
  12   11   10    9    8 
transpose =
   3    6    9   12 
   2    5    8   11 
   1    4    7   10 
   0    3    6    9 
  -1    2    5    8 
delete row 0 =
   2    5    8   11 
   1    4    7   10 
   0    3    6    9 
  -1    2    5    8 
transpose =
   2    1    0   -1 
   5    4    3    2 
   8    7    6    5 
  11   10    9    8 
delete row 0 =
   5    4    3    2 
   8    7    6    5 
  11   10    9    8 
transpose =
   5    8   11 
   4    7   10 
   3    6    9 
   2    5    8 
delete row 0 =
   4    7   10 
   3    6    9 
   2    5    8 
transpose =
   4    3    2 
   7    6    5 
  10    9    8 
delete row 0 =
   7    6    5 
  10    9    8 
transpose =
   7   10 
   6    9 
   5    8 
delete row 0 =
   6    9 
   5    8 
transpose =
   6    5 
   9    8 
delete row 0 =
   9    8 
transpose =
   9 
   8 
delete row 0 =
   8 
transpose =
   8 
