Data: 1 2 2 3 3 3 
Average: 2.33333
Deviation: 0.745356
